1448
1 2 3
1 3 5
4 1 5
6 5 39
6 4 5
6 7 8
1 9 10
2 1 10
9 4 11
9 1 4
4 6 12
11 4 12
12 8 13
12 6 8
10 9 15
15 9 14
9 11 14
14 11 16
11 12 17
16 11 17
17 13 18
17 12 13
14 19 15
14 16 20
19 14 20
20 16 21
21 16 17
17 18 21
22 23 24
25 24 26
25 22 24
25 26 27
27 26 28
29 28 30
29 27 28
31 30 32
31 29 30
31 32 33
34 35 36
37 36 22
22 36 23
37 34 36
3 25 38
3 22 25
38 27 39
38 25 27
39 29 40
39 27 29
40 31 41
40 29 31
31 33 42
43 41 42
41 31 42
43 42 44
34 45 46
35 34 46
34 37 47
45 34 47
2 47 37
3 2 37
3 37 22
5 38 39
5 3 38
7 39 40
7 6 39
7 40 41
48 7 41
8 7 48
48 43 49
48 41 43
43 44 50
49 43 50
45 51 52
46 45 52
45 47 53
51 45 53
2 10 47
47 10 53
54 8 48
54 13 8
54 49 55
54 48 49
49 50 56
55 49 56
51 57 58
52 51 58
57 51 59
59 51 53
15 59 53
10 15 53
60 13 54
60 18 13
60 55 61
60 54 55
55 56 62
61 55 62
58 57 64
64 57 63
63 57 65
65 57 59
59 19 65
65 19 66
59 15 19
66 20 67
66 19 20
67 21 68
67 20 21
68 18 69
69 18 60
68 21 18
60 61 70
69 60 70
70 61 71
71 61 62
63 72 64
63 65 73
74 63 73
72 63 74
73 66 75
73 65 66
75 66 76
76 66 67
67 68 77
76 67 77
68 69 78
77 68 78
80 70 79
80 78 69
80 69 70
70 71 79
73 81 74
81 75 82
81 73 75
75 76 82
82 76 83
83 77 84
83 76 77
84 78 85
84 77 78
78 80 85
86 87 88
86 88 89
89 88 90
89 90 91
91 90 92
91 92 93
93 92 94
93 94 95
95 94 96
95 96 97
98 99 100
24 23 86
87 86 100
100 23 98
86 23 100
24 86 89
26 24 89
26 89 91
28 26 91
28 91 93
30 28 93
32 30 95
95 30 93
32 95 97
33 32 97
33 97 102
101 33 102
101 102 103
104 105 106
35 104 106
98 35 106
36 35 98
98 106 99
36 98 23
33 101 42
44 42 101
108 101 103
108 44 101
107 44 108
107 108 109
104 110 111
105 104 111
35 46 104
104 46 110
112 50 107
107 50 44
107 109 113
112 107 113
110 114 115
111 110 115
52 114 110
46 52 110
56 50 112
116 56 112
112 113 117
116 112 117
114 118 119
115 114 119
58 118 114
52 58 114
62 56 116
120 62 116
116 117 121
120 116 121
118 122 123
119 118 123
64 122 118
58 64 118
71 62 120
124 71 120
120 121 125
124 120 125
122 126 123
128 72 127
122 64 72
122 72 128
126 122 128
72 74 127
80 79 129
131 130 124
124 79 71
130 79 124
130 129 79
124 125 131
127 132 128
127 74 133
133 74 81
127 133 134
132 127 134
81 82 135
133 81 135
82 83 136
135 82 136
83 84 137
136 83 137
137 84 138
138 84 85
139 85 129
140 139 129
138 85 139
129 85 80
129 130 140
133 141 134
133 135 141
141 135 142
135 136 142
142 136 143
136 137 143
143 137 144
137 138 144
144 138 145
138 139 145
146 147 148
149 148 150
149 146 148
151 150 152
151 149 150
151 152 153
153 152 154
157 154 156
155 153 154
155 154 157
158 159 160
87 158 160
147 146 160
146 87 160
146 88 87
90 88 149
149 88 146
90 149 151
92 90 151
92 151 153
94 92 153
94 153 155
96 94 155
162 155 157
162 96 155
161 96 162
161 97 96
161 162 163
164 165 166
99 164 166
159 158 166
100 99 158
158 99 166
100 158 87
97 161 102
168 161 163
168 103 161
103 102 161
167 103 168
167 168 169
170 171 172
105 170 172
165 164 172
164 105 172
164 106 105
106 164 99
103 167 108
174 167 169
109 108 167
173 109 174
174 109 167
173 174 175
171 170 177
177 170 176
111 176 170
105 111 170
113 109 173
178 113 173
178 173 179
179 173 175
176 180 181
177 176 181
115 180 176
111 115 176
117 113 178
182 117 178
178 179 183
182 178 183
180 184 185
181 180 185
119 184 180
115 119 180
121 117 182
186 121 182
182 183 187
186 182 187
184 188 189
185 184 189
119 123 184
184 123 188
190 125 186
186 125 121
190 186 191
191 186 187
188 192 189
194 126 193
188 123 126
192 188 194
194 188 126
126 128 193
130 131 195
197 131 190
190 131 125
195 131 197
196 195 197
190 191 253
193 198 194
193 132 200
200 132 199
193 128 132
198 193 200
132 134 199
139 140 201
140 130 195
203 140 195
201 140 203
202 201 203
195 196 203
199 204 200
206 141 205
206 199 134
206 134 141
204 199 206
205 141 207
207 141 142
142 143 208
207 142 208
143 144 209
208 143 209
144 145 210
209 144 210
145 139 201
212 145 201
211 210 212
212 210 145
201 202 212
205 213 206
213 205 214
214 205 207
214 208 215
214 207 208
208 209 215
215 209 216
216 210 211
216 209 210
216 211 217
218 219 220
147 218 220
221 148 147
221 147 220
148 221 222
150 148 222
150 222 223
152 150 223
154 152 224
224 152 223
156 224 225
156 154 224
156 225 226
227 157 226
157 156 226
227 226 228
229 230 231
159 229 218
219 229 231
218 229 219
218 160 159
160 218 147
157 227 162
233 227 228
233 163 227
232 163 233
227 163 162
232 233 234
235 236 292
230 165 237
237 165 235
229 166 230
230 166 165
166 229 159
163 232 168
168 232 169
239 232 234
238 169 239
239 169 232
238 239 240
171 241 236
235 171 236
172 171 235
172 235 165
169 238 174
242 238 240
242 175 238
175 174 238
171 177 241
241 177 243
244 175 242
244 179 175
177 181 243
243 181 245
246 183 244
244 183 179
185 247 245
181 185 245
187 183 246
248 187 246
189 249 247
185 189 247
191 187 248
250 191 248
249 192 252
252 192 251
249 189 192
192 194 251
260 197 253
253 191 250
253 197 190
253 250 254
251 255 252
257 198 256
251 194 198
251 198 257
255 251 257
198 200 256
202 203 258
203 196 258
260 196 197
258 196 260
259 258 260
253 254 260
256 261 257
200 204 256
263 204 262
256 204 263
261 256 263
204 206 262
211 212 264
266 202 258
264 212 202
264 202 266
265 264 266
258 259 266
262 267 263
262 213 268
262 206 213
262 268 267
213 214 269
268 213 269
214 215 270
269 214 270
270 215 271
271 215 216
331 217 272
271 216 217
273 211 264
273 217 211
272 217 273
264 265 273
274 275 276
277 276 278
277 274 276
277 278 280
279 277 280
279 280 281
220 282 283
220 219 282
220 283 284
221 220 284
274 284 275
274 221 284
222 221 274
223 222 277
277 222 274
223 277 279
224 223 279
224 279 225
225 279 281
225 281 285
226 285 286
226 225 285
228 286 287
228 226 286
230 288 231
231 288 289
219 231 282
282 231 289
228 287 290
233 228 290
233 290 234
234 290 291
237 292 293
237 235 292
237 293 288
230 237 288
239 234 294
294 234 291
240 294 295
240 239 294
236 296 292
236 241 300
297 240 295
297 242 240
298 299 300
243 298 241
241 298 300
236 300 296
244 242 301
302 301 297
301 242 297
301 302 303
299 298 305
305 298 304
245 304 298
243 245 298
306 244 301
306 246 244
306 303 307
306 301 303
304 308 309
305 304 309
245 247 304
304 247 308
310 246 306
310 248 246
310 307 311
310 306 307
308 312 367
249 252 312
308 249 312
247 249 308
315 248 310
315 250 248
314 250 315
310 311 315
312 316 313
312 252 316
254 250 314
317 254 314
316 255 318
316 252 255
255 257 319
318 255 319
320 259 321
321 259 260
321 254 317
321 260 254
257 261 319
319 261 322
322 261 323
323 261 263
265 266 325
324 265 325
266 259 325
325 259 320
323 267 326
323 263 267
267 268 327
326 267 327
329 269 328
329 268 269
327 268 329
328 270 330
328 269 270
330 271 331
330 270 271
271 217 331
333 272 332
331 272 333
332 272 334
334 272 273
334 265 324
334 273 265
328 335 329
335 328 336
336 328 330
330 331 337
336 330 337
331 333 337
276 275 339
339 275 338
278 339 340
278 276 339
278 340 341
280 278 341
281 341 342
281 280 341
283 343 344
283 282 343
283 344 345
284 283 345
275 345 338
275 284 345
285 342 346
285 281 342
286 285 347
347 285 346
286 347 287
287 347 348
288 349 289
289 349 350
289 350 343
282 289 343
287 348 351
290 287 351
290 351 291
291 351 352
292 353 293
293 353 354
293 354 349
288 293 349
291 352 355
294 291 355
295 355 356
295 294 355
292 296 353
353 296 357
358 295 356
358 297 295
299 359 360
300 299 360
296 360 357
296 300 360
302 358 361
302 297 358
303 302 362
362 302 361
305 363 359
299 305 359
307 303 362
364 307 362
309 365 363
305 309 363
366 311 364
364 311 307
309 308 367
365 309 367
367 313 368
367 312 313
369 314 370
370 314 315
370 311 366
370 315 311
313 371 368
313 316 371
317 314 369
372 317 369
316 318 371
371 318 373
318 319 374
373 318 374
320 321 376
375 320 376
376 317 372
376 321 317
319 322 374
374 322 377
322 323 378
377 322 378
324 325 380
379 324 380
325 320 380
380 320 375
378 326 381
378 323 326
326 327 382
381 326 382
382 327 383
383 327 329
333 332 385
384 333 385
385 332 386
386 332 334
334 324 386
386 324 379
383 335 387
383 329 335
335 336 388
387 335 388
388 337 389
388 336 337
389 333 384
389 337 333
338 390 391
339 338 391
340 391 392
340 339 391
340 392 393
341 340 393
342 341 394
394 341 393
343 395 344
344 395 396
345 344 397
397 344 396
338 397 390
338 345 397
346 394 398
346 342 394
346 398 399
347 346 399
348 399 400
348 347 399
349 401 350
350 401 402
350 402 395
343 350 395
348 400 403
351 348 403
351 403 352
352 403 404
354 405 406
354 353 405
354 406 401
349 354 401
352 404 407
355 352 407
355 407 356
356 407 408
357 409 405
353 357 405
410 356 408
410 358 356
360 411 412
360 359 411
357 412 409
357 360 412
361 410 413
361 358 410
361 413 414
362 361 414
359 415 411
359 363 415
364 362 414
416 364 414
363 417 415
363 365 417
366 364 416
418 366 416
417 365 419
368 365 367
419 368 420
419 365 368
369 370 422
421 369 422
422 366 418
422 370 366
368 423 420
368 371 423
424 372 421
421 372 369
423 373 425
423 371 373
373 374 426
425 373 426
375 376 428
427 375 428
376 372 428
428 372 424
374 377 426
426 377 429
377 378 430
429 377 430
379 380 432
431 379 432
380 375 432
432 375 427
378 381 430
430 381 433
433 381 434
434 381 382
382 383 435
434 382 435
436 384 437
437 384 385
385 386 438
437 385 438
438 379 431
438 386 379
435 387 439
435 383 387
387 388 440
439 387 440
440 389 441
440 388 389
441 384 436
441 389 384
390 442 391
392 442 443
392 391 442
393 443 444
393 392 443
393 444 394
396 445 498
396 395 445
390 446 447
397 396 446
397 446 390
442 447 448
390 447 442
442 448 449
443 442 449
444 443 450
450 443 449
398 444 451
451 444 450
398 394 444
398 451 452
399 398 452
400 452 453
400 399 452
401 454 402
402 454 455
402 455 445
395 402 445
403 400 456
456 400 453
403 456 404
404 456 457
406 458 459
406 405 458
401 406 454
454 406 459
404 457 460
407 404 460
408 460 517
408 407 460
409 462 458
405 409 458
410 408 461
463 413 461
411 464 412
412 464 462
462 464 465
409 412 462
410 461 413
467 463 466
413 463 467
413 467 414
411 415 464
464 415 468
465 468 469
465 464 468
467 466 471
470 467 471
470 416 467
467 416 414
417 472 468
415 417 468
469 472 473
469 468 472
474 470 475
475 470 471
418 416 470
474 418 470
417 419 472
419 420 476
472 419 476
472 476 473
421 422 474
477 421 474
477 474 475
422 418 474
420 478 476
420 423 478
479 421 477
479 424 421
478 425 480
478 423 425
480 425 481
481 425 426
427 428 483
482 427 483
483 424 479
483 428 424
426 429 481
481 429 484
429 430 485
484 429 485
486 431 487
487 431 432
432 427 487
487 427 482
543 433 488
485 430 433
488 434 489
488 433 434
434 435 489
489 435 439
489 490 491
490 492 493
551 490 493
493 494 495
493 492 494
436 437 496
495 436 496
494 436 495
437 438 497
496 437 497
497 431 486
497 438 431
489 439 490
439 440 492
490 439 492
492 441 494
492 440 441
441 436 494
396 498 446
500 498 499
500 446 498
447 446 500
448 447 501
501 447 500
449 448 502
502 448 501
449 502 503
450 449 503
450 503 504
451 450 504
452 451 505
506 452 505
505 451 504
452 506 453
454 507 455
455 507 508
509 455 508
498 445 509
509 445 455
498 509 499
506 505 510
512 506 510
512 511 506
456 453 511
511 453 506
456 511 457
458 513 459
507 459 514
515 507 514
454 459 507
514 459 513
507 515 508
511 512 516
457 511 516
518 457 516
517 460 518
518 460 457
408 517 461
513 519 520
513 458 462
513 462 519
513 520 514
517 518 521
521 522 517
517 522 461
522 463 461
465 523 519
462 465 519
524 463 522
524 466 463
465 525 523
465 469 525
526 466 524
526 471 466
469 527 525
469 473 527
528 471 526
528 475 471
473 529 527
473 476 529
530 475 528
530 477 475
478 531 532
529 476 532
476 478 532
531 533 532
534 535 536
535 477 530
535 479 477
534 479 535
478 480 531
480 481 537
531 480 537
531 537 538
533 531 538
537 539 538
540 541 542
482 483 534
541 482 534
541 534 536
541 540 482
483 479 534
481 484 537
544 485 543
544 484 485
539 484 544
539 537 484
543 545 544
546 547 548
486 487 540
546 486 540
546 540 542
547 546 542
487 482 540
485 433 543
488 489 491
545 543 549
543 488 549
549 491 550
549 488 491
550 491 490
551 550 490
493 495 552
551 493 552
495 496 553
552 495 553
548 497 546
548 553 496
548 496 497
497 486 546
499 554 500
501 554 555
501 500 554
501 555 502
502 555 556
503 556 557
503 502 556
504 557 558
504 503 557
504 558 505
508 559 509
561 559 560
499 509 559
499 559 561
554 499 561
554 561 562
555 554 562
555 562 563
556 555 563
556 563 564
557 556 564
558 557 565
565 557 564
567 558 565
567 510 558
510 505 558
566 510 567
510 566 512
514 568 515
515 568 569
570 515 569
508 515 570
559 508 570
559 570 560
566 567 571
516 566 573
573 566 571
516 512 566
572 516 573
516 572 518
519 574 520
576 568 575
575 520 574
568 520 575
568 514 520
568 576 569
572 573 577
579 572 577
521 518 572
521 572 579
578 521 579
521 578 522
519 523 574
574 523 580
574 580 581
575 574 581
578 579 583
582 578 583
582 524 578
578 524 522
525 584 580
523 525 580
580 584 585
581 580 585
582 583 587
586 582 587
526 524 582
586 526 582
527 588 584
525 527 584
584 588 589
585 584 589
586 587 591
590 586 591
528 526 586
590 528 586
529 592 588
527 529 588
589 588 593
593 588 592
594 590 595
595 590 591
530 528 590
594 530 590
529 532 592
592 532 533
597 533 596
597 592 533
593 592 597
596 598 597
599 600 601
536 535 594
600 536 594
600 594 595
600 599 536
535 530 594
533 538 596
603 539 602
603 596 539
596 538 539
598 596 603
602 604 603
605 606 607
542 541 599
605 542 599
605 599 606
606 599 601
541 536 599
539 544 602
609 545 608
609 602 545
604 602 609
545 602 544
608 610 611
609 608 611
610 612 613
611 610 613
612 614 615
613 612 615
615 614 617
617 614 616
616 548 547
607 547 605
607 616 547
617 616 607
547 542 605
545 549 608
608 550 610
608 549 550
550 551 610
610 551 612
612 552 614
612 551 552
614 553 616
614 552 553
553 548 616
560 618 561
561 618 562
562 618 619
562 619 563
563 619 620
563 620 564
564 620 621
564 621 565
565 621 622
565 622 567
569 623 570
570 623 560
625 623 634
560 623 625
618 560 625
619 618 626
626 618 625
619 626 627
620 619 627
620 627 628
621 620 628
621 628 629
622 621 629
631 622 629
631 571 622
571 567 622
630 571 631
571 630 573
575 632 576
634 576 633
633 576 632
569 576 634
623 569 634
625 634 624
630 631 635
573 630 577
637 630 635
577 630 637
636 577 637
577 636 579
581 638 632
575 581 632
633 632 639
639 632 638
640 636 641
641 636 637
583 579 636
640 583 636
585 642 638
581 585 638
638 642 643
639 638 643
640 641 645
644 640 645
587 583 640
644 587 640
589 646 642
585 589 642
642 646 647
643 642 647
644 645 649
648 644 649
591 587 644
648 591 644
593 650 646
589 593 646
646 650 651
647 646 651
648 649 653
652 648 653
595 591 648
652 595 648
593 597 650
655 598 654
650 597 598
651 650 655
655 650 598
654 656 655
657 658 659
601 600 652
658 601 652
658 652 653
658 657 601
600 595 652
598 603 654
603 604 654
661 604 660
656 654 661
661 654 604
661 660 663
663 660 662
662 664 665
663 662 665
664 666 667
665 664 667
666 668 669
667 666 669
668 606 657
668 607 606
669 668 657
659 669 657
606 601 657
604 609 660
609 611 660
660 611 662
611 613 662
662 613 664
613 615 664
664 615 666
615 617 666
666 617 668
617 607 668
624 670 625
626 670 671
626 625 670
627 671 672
627 626 671
627 672 628
628 672 673
628 673 629
629 673 674
629 674 631
633 675 624
624 675 676
624 634 633
624 676 670
670 676 677
671 670 677
671 677 678
672 671 678
673 672 678
679 673 678
674 679 680
674 673 679
635 674 680
635 631 674
635 680 681
635 681 637
633 639 675
675 639 682
675 682 683
676 675 683
685 683 684
685 676 683
677 676 685
678 677 686
686 677 685
678 686 687
679 678 687
679 687 688
680 679 688
680 688 689
681 689 690
681 680 689
641 637 681
690 641 681
643 691 682
639 643 682
682 691 692
683 682 692
684 692 693
684 683 692
694 689 695
695 689 688
690 694 696
690 689 694
645 641 690
696 645 690
647 697 691
643 647 691
692 691 698
698 691 697
693 698 699
693 692 698
694 695 701
700 694 701
696 700 702
696 694 700
649 645 696
702 649 696
647 651 697
697 651 703
698 703 704
698 697 703
698 704 699
706 699 705
699 704 705
706 707 708
706 705 707
708 709 710
708 707 709
709 717 710
701 711 700
710 711 701
702 711 712
702 700 711
712 653 702
702 653 649
651 655 703
704 656 713
704 703 656
703 655 656
705 713 714
705 704 713
707 714 715
707 705 714
709 715 716
709 707 715
709 716 717
711 710 717
659 658 712
711 717 712
717 659 712
658 653 712
656 661 713
713 663 714
713 661 663
714 665 715
714 663 665
665 667 715
715 667 716
716 669 659
716 667 669
716 659 717
684 718 685
686 718 719
686 685 718
687 719 720
687 686 719
687 720 688
684 721 718
684 693 721
719 718 722
722 718 721
719 722 720
720 722 723
695 688 720
723 695 720
693 724 721
693 699 724
721 724 725
722 721 725
723 722 726
726 722 725
726 701 723
723 701 695
699 706 724
724 706 725
725 706 708
708 710 726
725 708 726
710 701 726
